16
0958228956
1117104670
0040875684
1079498942
1771216446
2056106071
0943044119
0426661660
0614140988
0055614168
0947052972
1823628006
2028274053
0588340241
0826974300
1323820773
0641588710
0381213749
0250676786
1638864119
2095746753
0844911120
0625620744
0293278749
1008987436
0879108134
0341344320
1797823395
0235053991
0718932454
0416478606
1193282948
1836037124
0457354290
0125298242
1459769922
0365976713
1068342361
1886431582
0980117702
1123956530
0686000906
0656262060
1004746935
1274341148
1483236361
0181084060
1915929858
1864450110
0431760846
1407310330
1812713216
1276671966
2032931074
2105991965
0138175754
0764555561
0299852637
1935999149
0999609552
1018785091
0204994108
0045408852
0707338568
0662348398
0170707094
0019624842
1028325112
1239049456
1906056425
2008442814
0215522338
0444573683
0517221226
1220269273
1718914831
2000457587
1401353333
1487361042
1717424050
1833114179
0747187724
1382653618
0962302497
0632635150
1341161935
1100478251
1397190711
1641014572
0888993752
0249316616
0512316016
1093987860
0294725468
1219654584
1756336259
0465432563
1239279426
0637177723
1704482019
0997852203
0498136889
1920004357
1442425887
1015358115
0992789982
1013857070
0868332055
0246659667
0353734464
0438272457
2079773846
1100922188
1820926075
0894592695
1733557339
1014604362
1995070946
0983264402
0508135286
0736581050
1232581018
1020451302
1830568911
1527306487
0092622238
1439421522
1992739050
1331901665
2076599245
1549737421
0182270220
0427252486
1322258130
1624696107
1442610601
0167564464
0491069530
0163459008
0414224131
0844803994
0601731465
0346514329
1945726183
0275173892
1241107024
1531799874
1289778254
1088694322
0367580628
1797913541
1825275372
1600161647
0670881195
1508360635
0979984486
0763503434
0800298509
0825239888
2095405099
0729414106
0227493661
0130191671
1156666592
1549751791
1754887779
0451793546
1717316255
0098473661
0615252554
2131540386
0943277655
1216984020
0330571067
0741520190
1492157912
1571678091
0125836416
0634452519
0512888765
0493417045
0284882412
0190680489
2093578692
0955763607
1699041125
0926079530
1719267041
0351855986
1751319418
1667188492
1081270093
1978813079
1797380164
0090453037
1381081222
1404784295
0542246583
0950913829
1503257956
1157499138
0934970567
0299051963
0226999510
1265541634
1040572154
1719157422
0689736077
1166408570
0206126293
1202624842
1659825615
0491008705
1393305331
1605920659
1446772313
0944862808
0384516541
1018555706
1296718795
2135835959
0538260551
0230505240
1967165390
0188157067
0320958277
1200762964
1592941362
0863204861
0004193145
0948715670
2020703999
0939163712
1247767633
0100219861
0057221698
0140856139
1819377283
0746957775
1307264710
2025503577
1949582617
0819606677
0369028634
1195404301
0278043689
1815800947
2140267109
0662560230
0686873006
1289502256
0650912542
1225133557
1520007496
0470594284
1413290624
1840965774
1671357249
0858748338
0556686987
1675550394
1807464008
0429907338
0467230459
0907747993
0530127199
0524452157
1048604133
0202020834
1271409933
0208385195
0080040763
1073508902
1027991872
0449069398
0121429555
1306035561
0117386697
0114213017
1968595792
0804259703
1403715273
0472024686
2029393260
0776239122
0942618970
1295200236
0469721248
0466492571
0006464926
1026408235
2142042966
1813928934
1456315573
0461789777
0574193280
1986442772
0986241934
1622797413
0040979958
0110168219
1831182608
0121020722
1183677122
0711690832
0570090120
1305106677
2017726394
0687476817
1419319694
1838838538
1491736521
0675551320
0163379576
1373646133
1451790442
1105998546
0521362722
1921511690
1572491118
0527827648
0800436277
1567050436
0194272935
0109268202
2028840213
0768466215
2095710974
0867598499
0243779980
2136690932
0977766719
2074962588
0110228006
0013960193
0639169772
0680318126
1319066870
0509412518
1367794944
0590902917
0200767408
0712047817
1266454237
0364146984
2085693950
0570761031
1470145531
0459573024
0344789073
0895153001
0987400673
1145225350
0314719789
1181673608
1254493552
0196076354
1950139823
1202720878
1063674853
0046436155
1191928162
2041441572
2121398743
1302156169
2055401765
0613084867
1982474295
1226984988
1122497386
1202785591
1817887905
1323264794
1914833408
0936858494
1687411779
1853043711
1507619525
1010073662
0165133087
1852408598
1905226663
1152533760
0850150300
0072462804
0186723720
2104643852
0268539158
2136863543
1159881082
1332214011
0035816050
0204325596
1226171936
0009731145
1506481765
1134090053
0622816013
1341472413
0213591393
1745313399
0396774356
2031479298
0921094545
0164124117
0820854144
0461022676
2017167828
0180990021
1471096338
0034817267
2033398619
1228839353
1187351028
0736065271
1301302157
1374074748
0693225475
1569841315
1363454644
1853106557
0754571679
1399270694
2057432154
1980743615
1409001840
1416430271
0967350020
2031817853
0610419036
1180941414
1629647604
1007193393
1064937064
0403258501
1171317510
1885791209
0864281178
1041001690
2066781230
0187893868
1075818957
1952696202
1416733222
0115686337
0541277825
0570551731
1489761086
1234503301
2140393047
0705732082
0940126210
0747481078
2105002776
0850074716
0580741045
1366520968
0119021340
1548091065
1250855173
0729440376
0581548831
0733019129
1736633769
1646485896
1136277631
0760467631
1384793457
2000558809
1801469321
1304091039
0040969029
0729804631
1109303593
1457702251
0845490968
1650581419
2028253983
0187768406
0737601072
2021163382
0893500488
1677727282
0621160812
0851019617
0380318351
1201901857
0070056937
0499339691
0602509274
1320912111
1228780067
1184058106
2053931240
0817930189
0683060354
1042725223
1578397820
2067853811
0895800384
1232383494
1224461202
0936769414
1962188125
0186281148
0246988017
0660195445
1836862567
0127758352
0847963852
0426979991
0001438086
1741464340
2104707273
0622598898
0445000309
0337541976
1824500755
0515057247
0836881667
0279526382
1835969358
2065661735
1463584488
1742416950
0736108276
2146644842
0637658526
0167022448
2067015005
1533458910
1399405942
1143992559
0322744676
1214110419
1330273707
0569732694
1874305865
1019652626
0697491046
0574786069
1446632617
0698929133
0168766761
1403856243
1321528031
0613767071
1741398219
0998545139
1128824318
0430796239
1278071521
0817310028
0348974326
0594172361
0412243330
1085082602
0593333555
1049901856
1252105050
0512864912
0435877119
0504027345
1656857471
0758621795
1718137764
0839647531
1328354489
1444959981
1859300157
2025845536
2019746050
1158449127
0577291021
0041029164
0414821722
1898819052
0654796235
0008736293
0749880543
1783620553
0439532532
2027952064
0453446933
0788506858
0474640777
0865690263
1873589460
1067974332
1915592120
0978210863
1580839244
0203985591
1482238208
1090213068
0962607386
1052892324
1929860599
0143478228
0350368658
1641677108
0021840116
0222631060
0652642587
0599131137
0263660224
1067464309
0350466541
0918456459
1076200603
1100347085
0554593364
1515733135
0980815501
1008040297
0156756346
1455456279
1873730561
2030345806
0375946963
1641839033
0861073021
1956786208
1845824624
0195827581
0899515628
0660948362
1248719906
0681892579
0804426590
1599088564
0176086039
0826266706
1821719624
0828728627
1425397843
2085379849
1896192936
1775864385
0856352660
0824909891
0728727822
1410946025
0193159379
1709543323
0271502674
0349915725
1017515954
2145233235
0232777883
1393462918
1639588620
1093850905
1202765478
1337929596
1289678486
2102281106
1998877959
0390914744
0636690037
0655820901
1990003308
0812776076
1482087608
1664239285
1641504703
0760001803
1602135486
1390213992
0388382540
0311004498
0067640235
1117110362
1721950523
0260799614
0679170038
1993453198
0610715339
1696685992
1991202785
0843493223
0942665262
1483307758
1937344128
2145430740
0673753706
1079538966
2100228198
0525148017
1470453711
0589434587
1180968919
1312973371
1402210664
0515572879
0829729008
0896231719
1275574682
0284380846
0138962063
1663957223
0595385345
0206602299
0633583937
0169852220
0467401913
1312753975
0015821770
1078117253
0861956320
2007024556
1921610476
1804621582
1342848666
1711470956
1802568675
2016602372
0643526274
1755313225
0394266742
2113979985
0197264165
1575235661
1279469709
1599474829
2090808540
2109198717
0348222900
1218899574
0246095916
0487184964
0735373149
0841481261
0693787263
1368957087
1011333481
1161189176
0534227414
1027155252
0091822781
1396183734
0886696160
2013433257
1053321669
0082061178
1577420565
0708406696
2098663550
0073463192
0316236273
0345446644
0039959529
0513500438
1920682305
1319429238
2112975267
1864007197
1281144308
0313714520
0935423124
1527240224
0800899484
1670796273
0221237837
1494686747
0892269712
1232571318
0508392275
1426497127
0112242922
0600215057
0675197213
0998939082
0466164666
1728518882
1081000260
2043585232
0289441930
1032180163
2117048424
0605678204
1377626807
0009524305
1119178642
1150825465
1328953544
1084670262
0867349014
0462614204
1398384782
1802772138
1989854428
0051800618
1326084764
0063608617
1546487365
0070870828
1296179935
2054879640
1497367955
1408422858
0507611049
0025081521
0259878292
0973775716
1753600403
1340878553
0869877300
2043042334
0225575068
0839442076
0501236890
1603201875
0848966381
1620415532
0606543692
0030436277
0557602146
1473892707
0493050481
1955986928
1129181197
0335421261
2007787546
0307782313
0399029878
1406791263
0378653142
1695209814
1314187256
1876021097
0956149024
1821798305
1901102618
1216027316
0648090373
1507219374
0409422221
1517967673
1402778060
0634997289
0209926101
1904014950
0090715517
1058892483
1376946834
0697259209
1089328760
1934548981
0023668268
1582379242
1743052261
1152849466
1917800503
1603356160
1460631779
0169346734
0862663775
1839284921
1864556548
0029367383
1567822371
0673221924
1851165689
1321441341
1889249240
0351772414
0681177067
0151187814
1869740088
2083955127
0786185103
2079666189
1840486429
0876900620
0991075024
1069949616
1574159830
2080403785
0857014949
1597828098
1515299379
0452583562
0603193916
1285616234
2055939722
2063825696
1454962968
0771119850
1755626969
1172035868
0800487233
1175965692
1845257792
0504169274
0349923386
1587023385
0855941689
1031100453
1738211199
0578198129
0967571933
0376912654
0510380670
0660574714
1253813275
1501455695
1730524330
0680489457
1434375832
0440055631
0130833907
0802191563
0892639194
0734027824
2087807797
0801095268
0650369872
1395287118
1572215118
0258513193
0419839338
0225218704
1434478886
0117613483
0729387978
1784402272
1704636868
1585329667
0668019077
1295364419
0016044148
1635591010
1672277073
0526424819
0148682077
0778606700
2027880514
1879206407
1459096157
1314772698
0171778391
1589930065
2116964261
1064417585
0176474241
2057288410
1865512853
0826844113
1305091880
1290244324
1085357306
1724931219
1515463028
0372352544
1842544702
0097367358
0009271168
1399697922
1682697026
0677290246
0547578693
1698741174
0165397608
0072372118
0077682345
0314079685
0850978819
2105562859
0045802445
0162591328
1272851909
0217580836
1752521393
1242332522
1281998421
1928995634
1152137285
1000027626
0608356099
0309745517
0142788302
1693713406
2034676736
1658251330
2066065950
1729737790
1755618689
2075337119
0981952064
1290832067
0605143717
1529530757
0842089593
0770541325
1601902876
0919771939
1084621011
0305398047
0877851150
1130423456
0467989375
0003219412
1348004292
0073027121
1245551934
0482519065
2002022755
0250205571
1482546691
0462895207
0559951089
1625334994
0009124965
0447144177
1136102676
2075190915
0029398320
0744237717
2003044386
1011350384
2035069784
0460704455
0393397494
